{
    "dist_min": 5,
    "dist_max": 100,
    "dist_res": 40,
    "dist_sig": 0.1,
    "phi_min": -0.5235987755982988,
    "phi_max": 0.5235987755982988,
    "phi_res": 0.2617993877991494,
    "phi_sig": 0.0017453292519943296
}